A =

   0   1   0   1   0   0   0   0
   1   0   1   1   1   0   0   0
   0   1   0   1   1   0   0   0
   1   1   1   0   1   1   1   1
   0   1   1   1   0   1   1   0
   0   0   0   1   1   0   1   0
   0   0   0   1   1   1   0   1
   0   0   0   1   0   0   1   0

dimensions =

   8   8

size =  8
volume =  15
