S =

   1   2
   2   3
   1   4
   2   4
   3   4
   2   5
   3   5
   4   5
   4   6
   5   6
   4   7
   5   7
   6   7
   4   8
   7   8

A =

Compressed Column Sparse (rows = 15, cols = 2, nnz = 30 [100%])

  (1, 1) ->  1
  (2, 1) ->  2
  (3, 1) ->  1
  (4, 1) ->  2
  (5, 1) ->  3
  (6, 1) ->  2
  (7, 1) ->  3
  (8, 1) ->  4
  (9, 1) ->  4
  (10, 1) ->  5
  (11, 1) ->  4
  (12, 1) ->  5
  (13, 1) ->  6
  (14, 1) ->  4
  (15, 1) ->  7
  (1, 2) ->  2
  (2, 2) ->  3
  (3, 2) ->  4
  (4, 2) ->  4
  (5, 2) ->  4
  (6, 2) ->  5
  (7, 2) ->  5
  (8, 2) ->  5
  (9, 2) ->  6
  (10, 2) ->  6
  (11, 2) ->  7
  (12, 2) ->  7
  (13, 2) ->  7
  (14, 2) ->  8
  (15, 2) ->  8

A =

   0   1   0   1   0   0   0   0
   1   0   1   1   1   0   0   0
   0   1   0   1   1   0   0   0
   1   1   1   0   1   1   1   1
   0   1   1   1   0   1   1   0
   0   0   0   1   1   0   1   0
   0   0   0   1   1   1   0   1
   0   0   0   1   0   0   1   0

nnz =  30
size =  8
volume =  15
