degrees =

   1.3926   2.7852   2.0889   4.8742   3.4816   2.0889   2.7852   1.3926

avgdegree =  3.7500
